>> [timetheta, timepos] = Rapid([3,0,1,0,1,0],'SineonRamp',0,1,0.05,[-0.1;0;-0.7],[0.3;0;-0.5],1,-35.26,60);

>> timetheta

timetheta =

         0   37.1763   34.0400   20.1314
    0.0500   37.1324   34.0013   20.1382
    0.1000   36.8301   33.7354   20.1863
    0.1500   36.0364   33.0446   20.3193
    0.2000   34.5665   31.7924   20.5920
    0.2500   32.2991   29.9319   21.0793
    0.3000   29.1832   27.5187   21.8793
    0.3500   25.2342   24.7038   23.1031
    0.4000   20.5241   21.7060   24.8503
    0.4500   15.1709   18.7689   27.1744
    0.5000    9.3325   16.1148   30.0477
    0.5500    3.2080   13.9035   33.3437
    0.6000   -2.9597   12.2099   36.8469
    0.6500   -8.8844   11.0232   40.2922
    0.7000  -14.2546   10.2676   43.4192
    0.7500  -18.7766    9.8335   46.0218
    0.8000  -22.2361    9.6099   47.9810
    0.8500  -24.5584    9.5069   49.2768
    0.9000  -25.8388    9.4650   49.9840
    0.9500  -26.3315    9.4516   50.2547
    1.0000  -26.4034    9.4498   50.2941

>> timepos

timepos =

         0   -0.1000         0   -0.7000
    0.0500   -0.0997         0   -0.6998
    0.1000   -0.0974         0   -0.6987
    0.1500   -0.0915         0   -0.6958
    0.2000   -0.0805         0   -0.6903
    0.2500   -0.0637         0   -0.6818
    0.3000   -0.0405         0   -0.6703
    0.3500   -0.0115         0   -0.6558
    0.4000    0.0226         0   -0.6387
    0.4500    0.0603         0   -0.6198
    0.5000    0.1000         0   -0.6000
    0.5500    0.1397         0   -0.5802
    0.6000    0.1774         0   -0.5613
    0.6500    0.2115         0   -0.5442
    0.7000    0.2405         0   -0.5297
    0.7500    0.2637         0   -0.5182
    0.8000    0.2805         0   -0.5097
    0.8500    0.2915         0   -0.5042
    0.9000    0.2974         0   -0.5013
    0.9500    0.2997         0   -0.5002
    1.0000    0.3000         0   -0.5000


