#1 - Actual Position	#1 - Desired Position
15.500	0.000
15.500	0.000
15.500	0.000
15.500	0.000
15.500	0.000
52.906	1000.000
296.281	1000.000
643.906	1000.000
833.312	1000.000
918.687	1000.000
960.469	1000.000
980.281	1000.000
989.219	1000.000
993.469	1000.000
995.719	1000.000
996.781	1000.000
997.469	1000.000
997.687	1000.000
998.219	1000.000
998.469	1000.000
998.469	1000.000
998.469	1000.000
998.469	1000.000
998.469	1000.000
998.469	1000.000
998.469	1000.000
998.469	1000.000
998.469	1000.000
998.469	1000.000
998.469	1000.000
998.469	1000.000
998.469	1000.000
998.469	1000.000
998.469	1000.000
998.469	1000.000
998.469	1000.000
998.469	1000.000
998.469	1000.000
998.469	1000.000
998.469	1000.000
998.469	1000.000
998.469	1000.000
998.469	1000.000
998.469	1000.000
998.469	1000.000
998.469	1000.000
998.469	1000.000
998.469	1000.000
998.469	1000.000
998.469	1000.000
998.469	1000.000
998.469	1000.000
998.469	1000.000
998.469	1000.000
998.469	1000.000
998.469	1000.000
998.469	1000.000
998.469	1000.000
998.469	1000.000
998.469	1000.000
998.469	0.000
928.062	0.000
647.062	0.000
326.156	0.000
162.094	0.000
86.000	0.000
51.312	0.000
34.406	0.000
25.906	0.000
21.500	0.000
19.000	0.000
17.531	0.000
17.031	0.000
16.500	0.000
16.500	0.000
16.500	0.000
16.250	0.000
15.969	0.000
15.687	0.000
15.500	0.000
15.500	0.000
15.500	0.000
15.500	0.000
15.500	0.000
15.500	0.000
15.500	0.000
15.500	0.000
15.500	0.000
15.500	0.000
15.500	0.000
15.500	0.000
15.500	0.000
15.500	0.000
15.500	0.000
15.500	0.000
15.500	0.000
15.500	0.000
15.500	0.000
15.500	0.000
15.500	0.000
15.500	0.000
15.500	0.000
15.500	0.000
15.500	0.000
15.500	0.000
15.500	0.000
15.500	0.000
15.500	0.000
15.500	0.000
15.500	0.000
15.500	0.000
15.500	0.000
15.500	0.000
15.500	0.000
#4 - Actual Position	#3 - Actual Position
9990.500	29999.500
9990.500	29999.500
9990.500	29999.500
9990.500	29999.500
9990.500	29999.500
9990.500	29999.500
9990.500	29999.500
9990.500	29999.500
9990.500	29999.500
9990.500	29999.500
9990.500	29999.500
9990.500	29999.500
9990.500	29999.500
9990.500	29999.500
9990.500	29999.500
9990.500	29999.500
9990.500	29999.500
9990.500	29999.500
9990.500	29999.500
9990.500	29999.500
#4 - Actual Position	#3 - Actual Position
9990.500	29999.500
9990.500	29999.500
9990.500	29999.500
9990.500	29999.500
9990.500	29999.500
9990.500	29999.500
9990.500	29999.500
9990.500	29999.500
9990.500	29999.500
9990.500	29999.500
9990.500	29999.500
9990.500	29999.500
9990.500	29999.500
9990.500	29999.500
9990.500	29999.500
9990.500	29999.500
9990.500	29999.500
9990.500	29999.500
9990.500	29999.500
9990.500	29999.500
9990.500	29999.500
9990.500	29999.500
9990.500	29999.500
9990.500	29999.500
9990.500	29999.500
9990.500	29999.500
9990.500	29999.500
9990.500	29999.500
9990.500	29999.500
9990.500	29999.500
9990.500	29999.500
9990.500	29999.500
9990.500	29999.500
9990.469	29999.500
9988.562	29997.844
9987.437	29996.469
9985.094	29993.312
9982.250	29989.844
9978.812	29985.469
9974.125	29980.187
9968.906	29973.656
9962.969	29966.062
9955.844	29956.969
9947.781	29946.687
9938.375	29934.781
9927.750	29921.281
9915.812	29906.594
9902.281	29890.625
9887.000	29873.406
9869.406	29855.594
9850.031	29837.125
9829.094	29817.781
9806.406	29796.187
9781.500	29771.937
9753.844	29745.031
9724.469	29715.187
9694.781	29682.750
9666.062	29647.906
9637.437	29610.375
9607.406	29571.781
9574.812	29534.437
9539.531	29496.500
9501.875	29455.562
9461.156	29410.250
9418.312	29361.719
9376.687	29309.875
9337.219	29258.219
9296.250	29208.875
9252.437	29156.500
9205.812	29098.875
9155.937	29037.031
9105.500	28973.969
9059.187	28914.094
9012.875	28852.187
8963.687	28785.344
8911.406	28715.312
8855.469	28647.875
8800.594	28580.375
8749.844	28507.875
8698.594	28431.594
8644.656	28357.625
8587.781	28284.844
8530.594	28207.625
8477.969	28127.000
8426.312	28050.156
8372.531	27972.500
8316.437	27890.344
8258.906	27808.469
8205.719	27731.687
8156.500	27651.250
8105.937	27566.875
8053.781	27485.750
7999.719	27405.281
7947.937	27320.437
7900.719	27235.375
7853.375	27154.906
7804.812	27070.844
7754.875	26983.062
7703.469	26900.031
7655.719	26817.219
7612.125	26730.250
7568.406	26645.031
7523.344	26562.250
7476.812	26474.875
7428.844	26386.125
7383.250	26302.156
7342.187	26215.312
7302.375	26124.875
7261.406	26038.781
7219.844	25951.687
7177.031	25860.500
7133.812	25772.969
7094.250	25687.750
7058.906	25597.344
7023.906	25507.187
6987.844	25420.187
6951.156	25328.969
6913.312	25236.594
6874.344	25149.375
6836.312	25058.375
6802.219	24964.437
6771.031	24875.594
6740.000	24785.219
6708.437	24691.844
6676.594	24602.687
6644.531	24511.906
6611.687	24416.781
6578.656	24325.812
6547.531	24234.812
6520.000	24139.281
6494.281	24046.781
6468.781	23954.906
6443.156	23858.750
6417.062	23766.250
6391.375	23675.750
6365.625	23580.156
6339.562	23486.219
6313.156	23394.062
6287.656	23297.187
6264.219	23202.469
6243.469	23110.156
6224.375	23012.750
6206.156	22916.875
6188.281	22824.469
6170.625	22727.937
6152.687	22633.031
6135.219	22540.125
6118.000	22442.437
6101.437	22346.312
6085.094	22252.687
6068.906	22154.687
6053.031	22058.219
6037.625	21963.812
6023.094	21864.906
6009.500	21769.187
5997.250	21676.094
5986.281	21577.969
5976.500	21481.687
5967.687	21386.844
5959.625	21287.469
5952.125	21191.094
5945.125	21096.094
5938.875	20996.281
5932.875	20899.719
5927.781	20804.625
5923.156	20705.875
5919.094	20610.781
5915.500	20515.219
5912.500	20415.469
5910.219	20319.687
5908.500	20223.781
5907.500	20123.812
5906.562	20027.937
5906.500	19931.156
5906.500	19831.094
5908.000	19736.719
5908.000	19641.312
5908.531	19542.062
5909.656	19447.156
5913.000	19350.219
5917.250	19250.281
5922.250	19155.781
5928.094	19058.719
5934.344	18958.781
5941.156	18864.250
5948.656	18767.969
5956.687	18669.687
5965.344	18576.156
5974.625	18479.187
5984.500	18380.375
5994.906	18286.469
6006.125	18189.469
6018.344	18091.031
6031.812	17996.844
6046.281	17899.719
6061.969	17801.781
6078.625	17709.625
6096.375	17613.969
6114.344	17516.531
6132.656	17423.719
6151.219	17327.125
6170.281	17229.625
6189.906	17137.187
6209.625	17041.094
6229.094	16943.812
6248.594	16851.812
6268.469	16756.906
6289.031	16661.375
6311.219	16570.250
6335.562	16475.562
6361.625	16379.281
6389.125	16288.219
6417.125	16194.094
6445.000	16098.187
6473.062	16007.094
6501.219	15913.312
6528.719	15817.937
6555.625	15728.875
6582.812	15637.469
6612.094	15542.937
6644.000	15453.000
6677.750	15361.687
6712.437	15266.906
6746.594	15177.281
6780.719	15087.375
6813.906	14993.094
6846.187	14903.062
6879.094	14814.906
6914.750	14722.969
6953.375	14633.906
6993.531	14546.750
7033.437	14455.594
7072.656	14365.000
7109.969	14278.937
7146.000	14189.219
7183.687	14098.562
7224.875	14012.625
7268.656	13924.562
7312.750	13834.062
7356.531	13749.812
7398.687	13665.125
7439.906	13576.500
7482.875	13490.500
7529.594	13406.719
7578.250	13319.000
7626.812	13231.844
7673.719	13149.844
7718.250	13064.531
7763.969	12976.875
7813.562	12894.594
7865.625	12812.719
7917.344	12727.562
7967.656	12644.969
8015.594	12565.312
8065.125	12481.969
8118.812	12397.156
8173.531	12318.094
8227.344	12237.969
8278.406	12154.281
8329.531	12073.344
8385.187	11995.687
8443.562	11914.594
8501.500	11832.344
8557.031	11756.531
8610.812	11680.500
8668.656	11600.531
8729.562	11521.437
8790.062	11447.062
8847.781	11370.062
8904.469	11290.156
8965.719	11214.344
9029.750	11141.594
9092.469	11065.187
9151.000	10986.812
9209.969	10913.719
9274.219	10842.344
9339.812	10767.937
9403.687	10692.562
9464.750	10622.875
9529.687	10552.500
9598.125	10478.906
9665.969	10404.687
9729.750	10336.281
9794.500	10267.781
9864.375	10196.031
9934.531	10123.594
10001.562	10056.406
10067.406	9989.531
10137.906	9919.812
10209.562	9848.875
10278.125	9784.156
10345.156	9721.187
10417.750	9655.062
10492.156	9586.625
10563.906	9521.000
10633.062	9459.562
10707.531	9395.844
10783.344	9329.375
10856.219	9263.687
10927.594	9203.812
11004.469	9144.031
11082.125	9081.125
11155.156	9016.500
11227.875	8954.969
11305.781	8898.312
11384.156	8840.375
11458.562	8780.187
11535.531	8719.094
11616.531	8662.594
11695.937	8608.531
11771.187	8552.344
11851.281	8494.094
11933.562	8435.219
12012.469	8380.344
12090.125	8328.906
12172.687	8276.000
12254.344	8220.812
12332.062	8164.594
12414.031	8111.344
12498.937	8062.344
12580.656	8012.687
12661.156	7961.031
12746.719	7908.312
12831.656	7856.031
12912.344	7808.969
12997.594	7764.781
13085.062	7718.719
13167.250	7670.750
13249.812	7621.750
13337.406	7573.031
13423.250	7528.656
13506.594	7486.969
13595.312	7444.062
13684.094	7399.437
13768.219	7354.094
13856.156	7308.469
13946.406	7265.656
14032.469	7227.656
14119.344	7189.719
14209.812	7150.281
14296.937	7109.437
14383.500	7068.312
14475.406	7027.031
14565.719	6987.969
14652.719	6953.187
14744.687	6919.875
14836.375	6885.781
14923.781	6850.594
15016.469	6815.094
15109.625	6779.250
15197.000	6743.781
15288.281	6710.625
15381.594	6680.969
15471.125	6652.594
15563.375	6623.750
15658.719	6594.031
15749.437	6563.687
15841.375	6533.312
15937.156	6503.312
16029.094	6473.312
16121.000	6444.625
16216.562	6418.625
16308.187	6395.281
16400.437	6372.875
16497.000	6350.219
16590.656	6327.344
16683.312	6304.312
16780.469	6280.875
16874.281	6258.094
16967.594	6235.656
17065.656	6213.156
17159.844	6191.437
17252.031	6170.937
17349.156	6152.219
17444.000	6135.437
17537.812	6120.062
17636.500	6105.375
17732.094	6091.031
17826.000	6076.562
17924.781	6062.625
18020.469	6049.000
18114.781	6035.875
18213.031	6022.812
18307.656	6010.031
18402.281	5997.937
18501.594	5986.781
18597.250	5976.312
18692.812	5966.469
18792.281	5957.031
18887.594	5948.281
18983.875	5940.156
19083.875	5932.625
19178.312	5926.094
19273.531	5920.312
19372.531	5915.406
19467.719	5911.250
19564.594	5907.781
19664.687	5904.937
19759.812	5903.031
19856.750	5901.500
19956.531	5901.062
20051.531	5900.500
20148.500	5900.500
20247.094	5900.500
20340.750	5902.000
20438.375	5902.000
20537.781	5903.719
20632.375	5906.687
20730.187	5910.875
20829.094	5916.187
20923.219	5922.219
21021.750	5929.250
21120.562	5937.031
21213.219	5945.656
21310.500	5955.250
21408.469	5965.562
21502.094	5976.750
21600.594	5988.500
21698.937	6000.719
21792.469	6013.469
21890.406	6026.875
21988.344	6041.281
22081.375	6056.406
22178.750	6071.719
22274.906	6087.062
22367.250	6102.937
22464.844	6118.906
22561.719	6134.875
22654.375	6151.094
22751.781	6167.625
22847.937	6185.437
22940.281	6204.781
23037.500	6225.594
23133.312	6248.187
23223.969	6272.062
23319.406	6296.594
23414.531	6321.469
23505.781	6347.187
23601.906	6372.500
23697.531	6397.437
23788.250	6421.625
23883.187	6445.219
23978.344	6469.625
24068.469	6496.469
24162.156	6525.312
24256.062	6556.250
24344.687	6588.031
24437.906	6620.469
24532.469	6653.281
24621.687	6685.406
24713.687	6716.094
24807.594	6745.437
24896.469	6776.281
24987.312	6809.719
25081.031	6845.844
25169.250	6883.406
25256.937	6921.281
25349.000	6958.781
25438.062	6994.812
25525.437	7029.250
25617.344	7065.156
25707.312	7104.406
25792.937	7146.281
25883.250	7189.406
25973.219	7232.781
26058.031	7274.312
26146.000	7313.250
26234.906	7352.594
26318.625	7395.594
26404.469	7441.844
26493.562	7489.312
26579.281	7536.531
26662.531	7581.281
26750.375	7623.969
26836.562	7669.406
26918.031	7718.594
27004.094	7769.250
27090.844	7819.781
27171.656	7867.281
27252.781	7912.406
27337.875	7960.750
27420.625	8013.344
27500.219	8067.687
27584.250	8121.500
27668.469	8172.219
27747.125	8222.125
27827.125	8276.344
27910.531	8333.406
27991.219	8390.969
28067.812	8445.250
28148.250	8497.312
28228.844	8553.344
28304.531	8612.875
28380.875	8673.469
28461.344	8731.375
28540.469	8785.844
28614.312	8844.094
28691.000	8905.781
28769.969	8968.062
28845.594	9026.906
28917.781	9084.719
28994.344	9147.375
29072.000	9212.812
29144.469	9277.687
29213.937	9337.719
29288.469	9399.281
29363.125	9465.656
29433.875	9533.781
29503.344	9598.781
29577.062	9661.219
29650.812	9728.344
29719.906	9798.000
29787.031	9865.687
29858.625	9928.844
29930.344	9995.750
29997.969	10067.031
30063.031	10138.125
30131.812	10205.094
30200.969	10273.781
30266.687	10347.156
30329.000	10420.562
30395.125	10488.969
30463.281	10559.312
30529.375	10634.187
30590.875	10709.656
30652.937	10780.000
30718.625	10851.812
30783.656	10928.000
30844.656	11003.562
30903.062	11074.969
30965.062	11149.969
31029.031	11229.094
31090.625	11306.281
31147.000	11379.281
31202.406	11456.937
31261.937	11537.687
31322.219	11615.125
31380.594	11690.906
31434.875	11771.594
31489.062	11852.750
31546.750	11928.312
31605.031	12006.250
31661.219	12089.125
31713.031	12170.344
31763.719	12248.406
31817.594	12331.094
31872.937	12415.812
31926.781	12495.375
31977.250	12576.469
32024.750	12662.031
32073.781	12746.031
32125.312	12825.906
32176.469	12910.594
32225.281	12996.500
32270.687	13077.625
32314.562	13162.062
32360.906	13250.656
32409.656	13335.312
32457.719	13418.281
32504.125	13507.062
32547.062	13595.062
32587.937	13678.812
32629.562	13767.125
32673.844	13856.500
32718.437	13940.250
32761.500	14027.000
32802.344	14117.750
32840.375	14205.062
32876.906	14292.312
32915.125	14384.281
32955.406	14473.344
32996.156	14560.250
33035.125	14652.375
33072.281	14743.844
33106.250	14830.594
33138.125	14921.937
33169.625	15013.781
33202.937	15101.469
33237.750	15193.656
33272.781	15288.062
33306.406	15376.687
33338.750	15468.687
33369.500	15563.937
33397.906	15654.187
33424.937	15746.375
33452.062	15841.781
33480.187	15931.750
33509.187	16023.062
33538.625	16118.906
33567.156	16211.187
33594.281	16303.750
33620.406	16400.594
33644.750	16493.312
33667.312	16585.969
33688.469	16683.312
33708.656	16777.031
33728.625	16869.437
33749.031	16966.062
33770.156	17059.500
33791.500	17152.906
33812.625	17251.125
33832.969	17345.687
33852.187	17439.344
33870.031	17537.781
33887.156	17633.156
33903.531	17727.562
33918.812	17826.000
33932.906	17920.281
33945.844	18013.687
33957.969	18112.375
33969.344	18207.875
33980.312	18302.937
33990.187	18402.281
33999.812	18497.531
34008.906	18592.937
34017.750	18692.594
34026.250	18788.000
34034.406	18883.156
34042.125	18981.844
34049.281	19076.406
34055.937	19172.687
34061.594	19272.812
34066.844	19367.781
34071.500	19464.312
34075.250	19564.469
34078.219	19659.687
34080.469	19756.781
34082.469	19856.312
34083.437	19949.687
34083.469	20046.156
34083.469	20145.625
34083.469	20240.469
34083.000	20338.125
34082.000	20437.750
34080.500	20531.969
34076.906	20629.750
34072.500	20729.312
34067.094	20823.219
34060.500	20920.469
34053.156	21018.219
34045.156	21112.000
34036.406	21210.219
34027.094	21309.125
34017.000	21402.656
34006.719	21500.875
33995.906	21599.437
33984.844	21693.250
33973.656	21791.375
33962.219	21888.344
33950.250	21980.469
33937.531	22077.750
33924.156	22175.000
33910.000	22268.344
33894.906	22366.125
33878.594	22463.062
33861.031	22555.781
33842.906	22653.187
33824.031	22749.812
33804.312	22841.750
33783.281	22938.000
33760.500	23033.094
33736.906	23125.000
33713.156	23221.781
33690.250	23317.656
33668.562	23408.875
33646.937	23504.937
33624.500	23600.719
33601.031	23691.937
33575.906	23787.219
33549.437	23881.625
33521.875	23970.812
33492.781	24064.656
33461.687	24159.469
33429.656	24249.344
33398.812	24343.187
33369.812	24437.812
33341.406	24526.844
33311.844	24619.312
33280.469	24713.781
33247.781	24802.375
33213.500	24892.844
33177.125	24985.750
33139.531	25073.875
33103.750	25163.750
33070.781	25257.094
33037.500	25345.844
33002.344	25433.531
32965.156	25525.875
32926.094	25615.594
32884.219	25702.094
32841.219	25793.000
32800.719	25882.094
32762.687	25965.812
32723.500	26054.312
32682.125	26144.250
32638.969	26228.906
32592.937	26315.875
32546.062	26405.687
32502.781	26490.344
32460.531	26574.719
32416.500	26663.219
32370.281	26749.344
32321.406	26830.969
32270.156	26916.750
32221.594	27002.594
32176.500	27083.344
32129.719	27167.094
32080.719	27253.812
32028.594	27335.937
31975.062	27416.000
31924.594	27500.812
31875.750	27584.906
31824.344	27663.562
31770.656	27745.187
31713.469	27828.969
31657.656	27907.375
31605.781	27984.125
31552.750	28065.656
31496.750	28147.219
31437.125	28223.375
31377.219	28301.750
31321.844	28383.312
31266.031	28461.000
31207.562	28535.219
31145.375	28613.531
31084.187	28693.344
31027.844	28767.875
30970.000	28840.781
30908.594	28917.750
30843.187	28994.219
30779.875	29065.469
30720.156	29138.531
30658.187	29215.125
30592.500	29290.281
30525.125	29359.531
30462.406	29431.000
30399.500	29505.906
30333.187	29579.219
30263.062	29646.937
30195.969	29717.031
30132.250	29789.844
30065.750	29860.531
29995.219	29925.125
29925.687	29992.062
29859.750	30062.594
29791.281	30132.531
29718.594	30197.312
29645.875	30262.062
29577.906	30330.719
29507.969	30399.469
29433.344	30463.094
29358.312	30524.594
29288.062	30589.906
29216.125	30656.906
29139.812	30721.312
29064.594	30780.344
28994.156	30840.812
28920.812	30904.469
28842.250	30967.719
28765.375	31026.531
28692.094	31083.250
28615.719	31143.500
28535.281	31205.625
28458.906	31266.719
28383.344	31322.125
28303.594	31376.312
28221.500	31434.156
28145.187	31493.781
28067.969	31551.969
27985.937	31605.125
27905.687	31656.812
27828.062	31711.844
27746.906	31768.187
27662.125	31823.406
27582.719	31873.875
27502.406	31921.187
27417.094	31971.250
27332.844	32024.219
27252.375	32077.250
27168.469	32128.281
27081.906	32174.969
27001.187	32220.469
26919.156	32268.781
26831.187	32318.812
26745.812	32368.531
26663.156	32415.406
26575.812	32457.719
26487.719	32499.750
26404.125	32544.250
26317.437	32590.312
26226.875	32636.469
26141.656	32680.937
26056.312	32721.844
25966.094	32759.437
25879.406	32797.844
25793.125	32838.625
25702.000	32880.375
25612.375	32921.406
25526.000	32960.719
25435.187	32997.094
25342.750	33030.875
25255.094	33064.969
25164.531	33101.000
25071.656	33138.344
24984.531	33175.562
24895.031	33212.031
24800.375	33246.687
24710.687	33278.500
24620.437	33307.375
24525.344	33335.687
24434.750	33365.469
24343.969	33396.812
24248.031	33428.719
24156.031	33460.000
24065.750	33490.344
23970.937	33519.406
23878.594	33546.312
23787.344	33571.156
23691.062	33593.875
23597.219	33616.750
23505.594	33640.469
23408.875	33664.844
23313.594	33689.625
23221.344	33714.031
23124.531	33737.406
23030.062	33760.187
22938.937	33781.844
22841.844	33801.969
22745.656	33820.812
22652.906	33837.969
22555.500	33853.719
22459.437	33868.500
22365.969	33882.687
22267.844	33897.156
22171.156	33911.812
22078.156	33926.312
21980.625	33940.875
21884.812	33955.156
21791.000	33969.062
21692.125	33982.406
21595.687	33994.969
21501.500	34006.375
21402.125	34017.187
21304.906	34027.219
21210.187	34036.687
21110.906	34045.469
21015.437	34053.437
20921.531	34060.469
20821.844	34066.562
20725.250	34072.000
20630.219	34076.500
20530.281	34080.469
20434.250	34083.625
20338.812	34086.125
20238.187	34088.406
20142.344	34089.531
20047.500	34090.469
19948.125	34090.469
19853.031	34090.469
19757.062	34090.469
19656.781	34089.000
19561.719	34089.000
19465.500	34087.750
19364.937	34085.062
19269.500	34081.094
19173.062	34076.125
19073.500	34070.437
18980.156	34064.000
18884.375	34056.719
18784.437	34048.812
18689.937	34040.156
18593.500	34030.531
18494.187	34019.937
18400.187	34008.469
18303.469	33996.406
18204.000	33983.844
18110.750	33970.562
18014.969	33956.344
17917.187	33941.125
17824.062	33925.125
17727.656	33908.531
17629.500	33891.844
17536.687	33874.906
17440.406	33858.375
17342.031	33842.469
17248.969	33826.500
17153.156	33809.594
17056.312	33791.469
16965.281	33772.031
16870.625	33751.437
16773.187	33729.281
16681.219	33705.844
16586.750	33681.719
16490.000	33656.531
16398.781	33630.312
16304.469	33603.312
16207.719	33576.625
16117.156	33551.781
16024.625	33527.312
15929.500	33501.719
15839.469	33474.625
15747.156	33445.750
15651.500	33415.125
15561.531	33383.437
15470.312	33350.281
15374.969	33316.187
15284.500	33282.969
15194.344	33252.406
15100.125	33222.281
15011.312	33190.219
14923.531	33155.969
14830.187	33119.469
14739.781	33081.687
14652.281	33042.375
14560.500	33002.937
14470.125	32966.219
14383.500	32931.062
14293.094	32894.312
14201.719	32855.250
14116.500	32814.219
14029.219	32771.250
13939.187	32727.781
13854.125	32686.625
13768.000	32647.437
13677.656	32606.437
13592.125	32562.500
13508.062	32516.500
13419.500	32468.687
13331.969	32421.062
13249.156	32376.906
13163.406	32333.094
13075.969	32286.781
12995.312	32237.625
12913.125	32186.312
12826.125	32134.969
12743.031	32087.312
12662.719	32039.937
12578.812	31989.625
12494.469	31936.906
12415.906	31882.406
12335.594	31829.781
12251.437	31781.719
12172.000	31732.344
12096.031	31679.469
12016.719	31624.250
11936.719	31568.219
11862.281	31516.000
11787.187	31464.812
11708.437	31411.187
11631.969	31354.906
11560.750	31296.844
11487.875	31242.344
11411.531	31191.219
11338.469	31137.625
11270.344	31081.187
11201.031	31023.344
11129.125	30967.656
11061.531	30916.937
10999.906	30866.281
10937.187	30813.625
10872.094	30759.906
10807.687	30707.437
10750.344	30660.500
10695.531	30615.469
10640.406	30569.344
10584.312	30522.750
10530.656	30476.500
10483.906	30432.156
10440.500	30392.937
10397.594	30358.344
10355.937	30324.500
10315.000	30291.312
10276.000	30259.219
10242.687	30228.906
10215.187	30200.406
10191.000	30174.375
10168.406	30151.969
10147.187	30133.312
10127.625	30117.844
10109.906	30104.125
10094.031	30091.531
10079.594	30079.906
10066.437	30069.437
10054.812	30060.406
10044.500	30052.469
10035.812	30045.562
10028.531	30039.594
10022.687	30034.312
10017.594	30029.781
10013.687	30025.937
10010.812	30022.750
10008.250	30020.094
10005.906	30017.500
10004.312	30015.812
10002.562	30013.531
10001.312	30012.250
9999.719	30010.531
9998.656	30009.375
9997.500	30008.500
9997.062	30007.125
9995.562	30006.500
9995.500	30006.156
9995.187	30004.500
9993.500	30004.500
9993.500	30004.031
9993.500	30002.687
9993.500	30002.500
9993.500	30002.500
9993.437	30002.500
9993.250	30002.500
9993.094	30002.500
9992.906	30002.500
9992.750	30002.500
9992.562	30002.500
9992.500	30002.500
9992.500	30002.500
